IMAGES_BMP[55-60-10]#1#7
055a7c5608fdf916dc2b807ae4406bf8
55
0.596643067455068
0.36329963037915014
-0.02667047934485925
0.2328567172168687
-0.06293934031804292
0.6301169596289142
-0.04923748910498571
0.30494478784521284
0.14159951004526983
0.06520907431617971
0.4169640713328381
0.0024764542720845544
0.16954334580253913
-0.09338840824911142
-0.10958732710289656
0.5478235136967373
-0.30225959200142827
0.36214804465944667
-0.04322352936517083
0.0942487636895104
0.4818681297526828
0.4010397255025892
0.17026656246424793
0.20262235360736755
0.17377439515309034
0.2773841451695532
0.40850759770511896
-0.259003797772928
0.2919798686067053
0.35098917517879086
0.5008999560658063
-0.17655680868710488
-0.08861690005396834
0.13001862249695637
0.18210077504151667
-0.1579001766591235
0.576097811206504
0.04694142992888675
0.08490937410212729
-0.22654189382039863
0.2807514265438964
-0.23046376267268084
0.46677315982051903
0.17871452100481414
-0.3211169370801233
0.3589262541161601
0.4755157940873864
-0.1997269232873193
0.33523517830242583
-0.0532454382084138
-0.2604172250090688
0.27982523380648494
-0.15285553758031303
0.42618829305366995
0.1929671242186321
