IMAGES_BMP[55-60-10]#2#8
055cf9199040dae8080dab1ad6cfb5ff
60
-1.4262998479369366
-0.4059277785045261
-0.6370395514056281
0.09465036426111174
0.6979125617017875
0.002388793089145713
0.19880238989250737
-0.06957393911016896
-0.4343384770584981
-0.237360758167485
-0.18629786544827967
0.2847632604694907
0.6366426824298782
-0.309889718123104
-0.097505698717329
-0.23754453852755017
-0.7393761036776542
0.17234948737418734
-0.8248164353384919
-1.2046276690528228
0.2879354310962144
-0.06237407178665781
1.1643639928931622
0.20330978795088392
0.15222916410865972
-0.22841478062460005
-0.20799241488231934
0.01164545080616703
-0.5342884075567922
0.03868769501223658
1.3541511811452034
0.0015556489799220384
-0.5715855679230554
0.5211266409103995
0.9116631352023391
-0.35724955242931683
-0.32815020585500265
0.18528999954735811
-0.33759964072430704
-0.46025239711186544
0.8581068421844248
-0.5274714130021586
-0.6663712573229942
0.03023617772165972
0.1428094954336671
0.18681003316645356
-0.6295963003386135
0.2091680358205137
-0.2027526504242796
0.025942514345143206
-0.0030506217641185687
-0.15389962433780446
-0.48954237631199293
-0.15200364387905207
0.580026342973622
0.5334892845918595
-0.05299038256733682
1.6612492034885737
-0.5046344490737862
-0.04923976842509552
