IMAGES_BMP[55-60-10]#1#18
0aeb92f8a1a76da9921723fdb41b1e7a
55
0.15707551737145498
0.4045905884426661
0.2695080854130755
0.27847572781702506
-0.7436468321589862
0.32266328974803243
-0.49539397773764465
-0.13568960712833578
-0.44118246553164764
-0.3565728852884823
0.34194497584574846
0.24888022050893877
-0.15620098511575037
-0.07449630557685748
0.4611296869747503
-0.7154989221157977
0.3863004178767029
-0.0007477383965393343
0.390405926784571
0.16068587405152499
-0.1832919159717458
0.08955437166736613
0.038771792250702625
-0.260444203908474
0.05278274791672192
0.09089291546499066
-0.14725247167399888
-0.33971030470870167
-0.04460190753832994
-0.5453416505579396
0.0990027022655853
0.4737370113499949
0.051765995446084734
0.041815537149623466
0.08719810510379078
0.38185387889892
-0.37996729447999994
0.11166632873381278
-0.06841002428507305
0.2389718129992168
-0.3686586452852014
-0.7961567297689737
-0.534484667009669
-0.6608856125616808
-0.03903613573829408
-0.349246122613617
-0.5575021647507773
0.10648174909699126
0.5014351692244475
-0.03885193035986829
0.24188879842172437
-0.3338871603704314
0.18435495674084065
-0.22630280794790117
-0.19218230894927546
