IMAGES_BMP[55-60-10]#1#6
0d9f8fa8f3ebf92c13483a5d291a8e70
55
0.6424934534643354
0.11541879981427684
-0.26311586273881205
0.24604355162657124
0.26333317859046446
0.1208362869530737
-0.22534088080410433
0.4696858565577764
-0.05954719655722908
-0.10394062308292193
-0.17709647895289787
-0.34096856886989285
0.23175813858620173
0.6206034015772456
0.10305759866646609
0.4271036682311446
0.17288814047750653
0.4607155957854735
-0.1238484596760131
-0.008267883142538079
0.45999764938527177
0.2754227940439546
0.5022613145232083
0.4620389545454007
0.11690371520948982
0.13694796669864004
0.4259422499510058
-0.420744713256285
0.007838168882797768
0.6509564207603771
0.18566208373125245
0.2179484449921874
-0.11676425012966732
-0.2551696126906977
0.298448546739603
-0.22764601098376422
0.37019693572401624
-0.28254575118138064
-0.17203001251349476
-0.4517370459154239
0.16699614411329014
0.4972935558565945
0.009652718166788017
0.4812566867240167
-0.04915558536315956
0.011236638014698597
0.40461365910880653
-0.04590870123822449
-0.3317805865443921
-0.4925894517184633
0.09998222273870336
0.18890963952778525
0.07113320318996441
-0.21086180276529848
0.14300414212616103
