IMAGES_BMP[55-60-10]#1#45
0dbaf461cfa3ff0afaa9c6c75b88717e
55
-0.2961391768678083
-0.4256911898082875
0.24262924876194678
-0.12764205378864044
0.04367896588002551
0.38965475080753387
0.504130473617525
0.3135177819516823
0.41348016925251274
0.06192925704088297
-0.3176664224855293
0.5684505406171738
0.40145526686237626
0.06883318396871219
-0.16235235460049555
0.36241744555529415
0.12744603287079162
0.08805450866346896
-0.3520283244330589
0.4999616323704916
0.4557957708880178
0.06432530917526903
0.208762433788729
-0.333136637264346
0.2556575948576848
0.20259578950997167
-0.06770351896466084
-0.5360836579523829
0.14260478642437185
0.04194506761242597
-0.1332670413946738
0.4177626044737619
0.47115122416557426
-0.05999401169388228
-0.21090166393527027
0.22863856823697778
-0.2655613001150523
-0.07092183878283265
0.049426048807692066
-0.40418333242226845
0.5394844182497386
0.07484851721727424
0.2903699439206663
0.07559725624039826
-0.36701010806066037
0.6727391717528831
0.01795988562123835
0.15946724539312224
-0.4586624029925732
-0.0487624270167026
0.07391304306810047
-0.42259784545838225
0.3272555738731962
0.30174404809140615
0.43077590739260385
