IMAGES_BMP[55-60-10]#2#7
0ec2ab3f3ef91ffc367511af4b6ce93a
60
-1.1368349837468934
-0.3953760455356754
-0.193865991007057
-0.20006021320062625
-0.6155978340429265
-0.23902768998224963
-0.3782401512894122
-0.22257529742920878
0.7046170949925709
-0.5012598844244684
-0.1039001601462903
0.0334931863294399
-0.26615559432442004
0.9094711391815432
0.12488504234730137
-0.3468859689694376
0.28050749706399297
0.2907898556252953
-0.12268685169837941
-0.3488855877581987
0.9142783193286649
0.6529039989874826
-0.5055243098676421
0.44509893063131334
0.45388438703239214
0.1555489609725194
0.3066036515841492
-0.46432297419828134
0.15238516950062975
0.511117208712308
-0.7634261850560686
-0.13764340915811887
-0.2442138298010461
-0.4642674129377966
0.6262398579846002
0.29913027269832826
0.8529115892743719
-0.12672717323312718
-0.11369156003213686
-0.33587927979625065
-1.2585589017073477
-0.4231430951634261
0.831840656206139
0.6721365389262737
0.29231391223215564
-0.42218843296601727
0.1279475133929064
-0.26497125999065857
0.6680431093754226
0.15029085254418312
0.12367990343714835
-0.44468717979831796
-1.6050434634421458
0.37210441585338666
-1.3093238502753008
0.09523883958241318
0.4239868757869242
0.5632280766310542
-0.2155045724401319
0.1740548360423976
