IMAGES_BMP[55-60-10]#1#1
0f81d383a131b8b5e0132160adca8371
55
0.2682620449681021
-0.4103630243918565
0.45875234082599586
0.4768151586116601
0.36826404335316715
0.3369147929412698
0.35076798355847166
0.5450229187944929
-0.08654687699831838
-0.2233372150182391
-0.0027141517547242906
0.4639731359613311
0.4434597672618885
-0.011186684133891327
0.5775088136878807
-0.18034189623693975
0.11083325350735952
-0.30836029792817266
-0.1258390756994904
-0.13524335178769284
0.5052458903209699
-0.05975236322798715
-0.1042592697952585
-0.2117865860084556
0.18256333350061077
0.514190948196885
0.21133496719856792
0.3752046098053213
-0.25263689498185155
0.07586055815614492
0.353639415027935
0.07401481147568303
0.041292957019933935
-0.47702481993433443
0.05373257853094758
0.279509457829412
-0.2670128672258796
0.6344489175419317
0.2435188349504519
-0.04354671957416151
0.16146807172776753
0.25876581209010485
-0.031405152429158464
-0.27244918482379554
0.060884865304107784
-0.21499573958532625
0.6504627257133757
0.08117802909267444
0.3595335968064081
-0.1674448213652211
-0.05049723356580469
-0.33167145154722977
0.2659182207836166
-0.10004029248200047
0.5127306312736964
