IMAGES_BMP[55-60-10]#1#43
140658f0b6f1c1d28fddabc2efab54e3
55
-0.19091763930309977
-0.32614284575762353
-0.22030345861712622
-0.3322297673504339
0.5824114044248138
0.13831939912120722
0.8882050440799057
0.6802378210743516
-0.0714857383514482
0.6278738376545252
0.7085479382076222
0.028963380383798528
0.3900748005501218
0.6311413670225027
0.389848948523106
0.5835499576483523
-0.2128516937734375
-0.17079777723937223
0.01398247047506298
-0.009034363671302722
-0.5718765864383228
0.18969987699135726
-0.25750831575424266
0.39356067835750563
-0.012115127282275116
0.864117562255992
-0.1768193537750965
0.6887542343152812
-0.43685336082982756
0.521940311228472
-0.27127812632496767
0.09059113849774177
-0.1087694361089699
-0.04296323255732735
-0.0414146176552315
-0.3711703914694404
0.3248481761541784
-0.30761946807345597
0.5234856531565142
0.4646234706878048
-0.5626480004006146
0.3138583804822311
-0.2631445494457049
0.6658880136873288
-0.337551861027679
0.08602074617666355
-0.03852089014738515
-0.39841346915534853
-0.44969349306132134
0.4050856824738407
-0.34902386474395874
0.101096350617804
0.019679973832372435
-0.8278000930472418
0.36620072194937403
