IMAGES_BMP[55-60-10]#1#52
15e8365390e2f0f0c16d872fa43cb325
55
0.8227159331043711
-0.24594126764593663
-0.39328470438881147
0.8303883118915631
0.005576832332591243
-0.3146572457819307
-0.632444670740898
-0.6400596103810302
0.5008583949819164
0.42601784464879566
-0.2578625716064692
-0.2872744457722589
-0.3516860441155377
-0.1914377889870628
-0.47055001702864013
-0.7307167038522913
0.1663909140356463
-0.6738219001283704
0.11996447946051111
0.3488836000985748
0.7373447840232605
-0.4083134769649722
0.04894271905393613
-0.28525161345650685
0.4766603958762073
-0.8685706658603027
-0.1550242519334047
0.5420665140478141
-0.360938804006312
0.19331948851454264
-0.31530744317204196
0.04317418380583467
0.1990844437210685
-0.008457634477037006
-0.4243446666711205
0.49682750413697174
-0.08059609199973061
0.19788160601540844
-0.14273220252838853
-0.5563817850876593
-0.12835385303652014
-0.8382618538549529
0.29084365918940414
0.09266986087211555
0.7900472376225004
0.09583428504766991
-0.0367882805087194
-0.19927274245253057
0.5025791281440942
0.38117398143348175
0.14539123257300285
0.06312537246745566
0.8308553476370659
0.9989880038628407
-0.4788051705006483
