IMAGES_BMP[55-60-10]#2#1
1991ae57e356023188943dcd7185ebfd
60
0.5701813252016814
-0.35760699947833746
0.04507297442405471
-0.19097866130960992
-0.22317082322437568
-1.2603086548634967
-0.4887980091029737
-0.40671132935581766
0.6559925555041266
-0.3456253857284963
0.16834350144561622
-0.5184042240654021
1.1477741982564025
0.08815869452453247
-0.14017361794588204
-0.2896440936528787
0.05292802360316556
-1.1626857092830727
0.5126615863195126
0.8070404219777467
-1.4403946247193333
0.4664036312609357
0.12239684582608595
0.15333806515880727
0.20553636809540698
-0.709680616455012
0.31897521658261113
-0.5594423366498112
-0.1124035885504302
0.4829893767492336
0.28310558230987076
0.2707859709206707
0.37160068815590186
-0.3760537508772386
0.6461667318146532
0.5187668048214186
0.21434085979766657
-0.3543070095147191
-0.23776441582049113
-0.06689934318288639
0.7191023826430478
-0.42867799641209237
0.7965285665532259
0.7548208254720985
0.09345837051547594
-0.06958920845463978
-0.4891054983762864
-0.26484211048823697
0.3284665837956515
0.11338165956197617
0.2286825974112109
0.22011721131161613
-1.2744884156732164
-0.012397591091142253
1.0061080036097372
0.3329791297725886
-0.12381935172672615
-0.7117527689626146
0.13778329385734311
-0.44822433031270603
