IMAGES_BMP[55-60-10]#1#2
2292a7f7cc89b75b7405bcefb2cde0ee
55
0.03446302918552918
-0.3904528349904991
0.27316365302864626
-0.32809939032032054
-0.5221757947492203
0.6180606596365917
-0.2630939283048935
0.29828600071503275
-0.1670242063038178
0.2322557772259363
0.11932474689074608
0.4113869974771128
-0.21944202700072368
0.02077809355840378
0.4990751565710995
0.01179773197435583
0.2412148253685067
-0.2300281608041152
0.03384978859499779
0.3152563911701421
-0.028299131208490265
0.10327787704547955
0.2647736595790188
-0.17334108943526236
0.4689075205818747
0.06776584994321354
-0.1721754650764543
0.22981420155934623
-0.16177946923106368
-0.22320136723432252
0.6485775491986917
0.098906293782477
-0.012963104938426454
-0.04405195750223577
0.33451680221074226
0.037707833507404795
0.26435552469059653
-0.22996505107416756
0.24328923487560206
0.32815644983962494
0.4909573742244736
-0.2563511338406294
0.23952839894289427
-0.26763974866213597
-0.07556542023616833
0.1969046706045603
0.4030394458346256
0.34881725201713937
0.6488576045419625
-0.3384120555203466
-0.029807452692536488
0.5383417596177184
0.21634054719453477
-0.07797182350585352
0.2680865375107172
