IMAGES_BMP[55-60-10]#1#48
2cc1bbebf0c48c1fc9bfd21b99f4781d
55
0.07412261244210162
-0.0598043928708388
0.4673766379190358
-0.20564686821810568
-0.37919605836409537
0.41659596775331464
0.1749440597667482
-0.4406853036208287
0.26082583487552957
0.07255079853970157
0.34805164913854925
-0.06353712926007352
0.36277157294065215
-0.2631450237175466
0.462383949280847
-0.49370063489579163
0.35630464576893234
0.22385351136843498
0.2496399199229963
0.3326868203991523
-0.41735972592002474
-0.3707023887622237
-0.2687635918777512
0.3362561312025291
0.024934056125224844
0.5152840046656877
-0.1413031077112267
0.08534359779045411
0.46651583323950757
-0.3728508341298711
0.3947659310268756
-0.06491258528007567
0.31942792020766125
-0.05911385986651943
-0.23959416839451264
-0.13834019752469734
-0.11847370722943343
-0.3126294232107556
0.17474058890473942
0.40539821676086046
0.36353852755786226
0.006629251387677089
0.19852101677904016
-0.627305577596622
-0.8228734369684864
0.29905481182289917
0.16192501521328115
-0.29249499393015904
0.64063583359895
0.14688890785207487
-0.6718899242109061
-0.3082577028355956
-0.2147162046381686
-0.4104699558621491
0.7339383798045184
