IMAGES_BMP[55-60-10]#1#24
35b4edeb6a8cdce7d3212d9455111e04
55
-0.1974183785551909
-0.31429781156968795
-0.23644882001076864
0.25490505444460776
-0.3072414388513455
-0.27218021608190696
0.1305864561049817
-0.13955864850474095
-0.08813940537046691
-0.16368192979359614
0.1590720148341069
0.5659227934731197
0.17414271783816976
-0.10704174782925203
-0.28036669052182656
0.3516212356643566
-0.21547042945397737
0.13509196647181093
0.42716632178970065
-0.279727162236291
0.2996366144913718
0.23048093770030287
0.28646549786022635
0.5770361536767001
0.4900848829611162
-0.47750886311756197
0.6155403140821002
0.10742504924733122
0.30120918759745446
0.16135493746248272
0.31403381145378867
-0.3618102685247419
0.07846310325544356
-0.4047520397859532
-0.3582670572213639
-0.805569839023352
-0.017810994823854547
-0.1272669598337141
-0.3679747683080517
-0.5138253183869564
-0.4296591078791413
0.13014564176268822
0.24340338324525435
-0.1627556485691887
0.21529127743938187
-0.211254374783393
0.4894976378564514
-0.1346792566171379
0.2114457220041742
0.304434432380534
0.33166883332847463
-0.43195050603878266
-0.02491021216313325
0.13815121349109127
-0.17446559691108143
