IMAGES_BMP[55-60-10]#1#0
39bd3dbfe52f00b06b3b0d2ed9fe1fbb
55
0.6101774622401102
-0.3984751276109071
0.31882439792737416
0.22631018174577863
-0.46558595394818564
0.515923611105148
-0.5291159957208539
-0.5659245168260043
-0.2578391223528638
0.34049335815112414
-0.19878580850179436
0.5640369405067256
-0.15977265239452484
0.3532171338302081
-0.06455677053323132
-0.016694580757926483
-0.3927163021284792
-0.48124163300660183
0.14529794396673526
0.17853362444244883
-0.17700191774303378
-0.26471360563905827
0.7872641900464514
0.23991912689308115
-0.6136559413823599
0.3856039550317274
-0.5518731399017469
0.5469021591624764
-0.5382906921439091
-0.23966112044938598
-0.6625743987366858
0.48845414143864185
-0.055149428331055704
-0.39974192903237604
0.4296092729876326
0.3488378118661354
-0.07172370009847182
-0.4777691375432397
-0.06587692001258101
0.43044170946070565
-0.11952872218329089
0.20253222807295895
-0.3054357105461418
0.7829170629859552
0.1426184859405378
-0.11297023666515749
0.23972912791424297
0.46168955393713523
0.18713124601540618
-0.13900199427259027
-1.1493717267100494
0.4963524881041284
-0.5690681401202662
0.09029325407110493
-0.4371224374736384
