IMAGES_BMP[55-60-10]#1#41
3c04d8367d142fc107285a70f6722069
55
-0.19557147291968086
0.3148040511639097
0.5801292712163814
0.3672831229255878
0.4358862642778198
0.4689736502836761
0.20417400230893837
0.2624280814019912
-0.13584652754755303
0.33238322907710494
0.18010871299328735
0.01156090824840944
-0.028778958935574153
0.37412818299930134
-0.26376736450294086
-0.034049329390785976
0.0901859119086759
0.01820812501809662
-0.07031219524561887
-0.0003250647640628991
0.18337512638201078
0.17908065834866627
-0.23517796313474212
0.046152417911834324
0.4681414813132211
-0.2987608037088729
0.6220435353137478
0.3593169306165033
-0.2214050160308596
0.3147771513565373
-0.1610114175539675
0.0413682149539896
-0.02174569126463175
-0.084168353992239
0.173044816048056
-0.01161488961714934
0.33080743449288197
0.633307714501095
0.657631650261231
-0.33063233332087905
-0.16094586954081733
0.6036079575143777
0.11555082668637927
0.38367607322929176
-0.006822169357921916
-0.28489662328870985
0.6357969939305318
0.024205783076581482
-0.0519375403445033
-0.005536640454156746
0.08690499131494207
-0.1380747933419195
0.6100955185569901
0.43846705512771317
0.04235319289232556
