IMAGES_BMP[55-60-10]#1#13
40947ce4dafb04c25442a75825bea316
55
0.21769022959069595
0.0044167895347837546
-0.06351413229846466
0.3626144794593955
0.31831664368871837
0.5607982529789876
0.4182676667165682
0.2425729534697939
0.056761909200037416
0.46519747693668895
-0.186743484482791
0.603682883969077
0.24177888727089708
0.11660470602991169
-0.0831918091105123
-0.1192521604924366
0.4821628519880309
0.4148313139088748
-0.38967739942383994
-0.20585843450352
-0.17166044237950945
0.49894616596534186
0.09170701838029528
0.297895857641041
0.047223340679902706
-0.45282245059009146
0.38144913650370543
-0.1921672873729568
0.12116485940737011
0.4050264703295945
-0.023591985774296154
-0.1767779720721634
0.48166013820375864
-0.47552265158210244
-0.2788534877202023
-0.6758624997828213
-0.5634341042654847
0.2717952864679721
0.3451210189339898
-0.49217042821500007
-0.2041300991921611
-0.5251757420255361
0.25188040804470846
-0.14309473109711351
-0.3936894689742731
-0.7238680671214371
-0.26273962410403395
-0.5757140923320203
0.6357145281694633
0.3873561343135563
0.6555263035733316
-0.5050327424997725
-0.23778360951305158
-0.03568330065767426
-0.34578242363138095
