IMAGES_BMP[55-60-10]#1#17
41c2cc74ab12c5c89b2c5b72ba9d1ed6
55
-0.35173304021898755
-0.027904778755818475
0.437521984338195
0.6505136496327764
-0.08126669756276976
0.37134022787096477
0.4181708672326117
0.13414143384647056
0.2526683098114331
-0.1601471009894943
-0.31387193786708406
-0.584756521188304
0.1833440656553342
-0.2637764091066226
-0.46394007472078774
0.4276483648234049
0.0245116001081561
0.38400363340783306
-0.08198458214482109
0.20394597822940352
0.06075105003010196
-0.3264956631466754
0.18020407679502326
0.18915309772651523
0.23870626050249463
-0.2778177177509071
0.10225611550581228
0.2211053821163198
-0.42822150997685926
0.28890499743247566
-0.374194522023665
0.03171436837415125
-0.1449434638645999
-0.2968251869074012
0.15471360324589528
-0.2713083317839175
-0.6109782812205924
-0.15595704777061217
0.2742789490948643
-0.45543870723427177
0.3613154181193535
0.052328007868623405
0.4469619781175594
-0.14670182187037292
0.5291775034209867
-0.2092668181940946
0.14020746592915856
-0.12607187157778063
-0.47343154375711205
0.20148146725312036
0.018552092000487203
0.40497623677964417
0.8129156159711657
0.4935604957407531
-0.36825972460200906
