IMAGES_BMP[55-60-10]#1#54
4a9e65db922db31e7f51dc5a15284536
55
1.082028908809598
0.3794380279898608
0.5072443214289506
-0.19974627560491306
-0.055138020900570725
0.28259172296294827
-0.6490713631657872
0.5302552948630469
0.20809186675957708
0.29116147546481536
0.17442673680756496
0.19595369252767014
-0.055601655373216735
-0.44377119290827943
-0.3810746525339565
-1.0218440289422053
0.5712095535293695
0.26281895988848814
-0.24967006658168947
-0.09527528116862481
-0.33755894815720544
0.3691601129203681
0.004987405212410386
0.004701009816700773
0.49196017028869393
-0.144656688842504
0.2522524201287117
-0.24886636220667988
0.593286070381307
0.19426882028523865
-0.5099201310107673
-0.13808490083322
-0.19934953780731504
-0.34537710423912427
-0.3348648134342191
0.40146005910563864
0.6344194604403436
-0.011135856123641485
-0.03866619643601622
0.03825667725964035
-0.04696428017026184
-0.7958502928274263
-0.17755829725900846
-0.6916921791057261
0.3026379088338594
-0.14499653655339487
-0.10967618540850808
-0.31225705904970796
0.2748092183743115
0.0467316127623943
-0.5989629465539613
-0.3504418212659318
-0.5821758461967067
0.4778544031735085
0.16788332828607083
