IMAGES_BMP[55-60-10]#1#29
4c02ea750032de7e141abf0cf2adaf81
55
0.031147951679347335
-0.45537359916168524
-0.35949863492458356
-0.5101640224870124
0.2819488422851629
-0.3315239449409908
0.22598618544457055
0.4150276013687863
-0.28987968908765904
-0.023896176543863924
0.4660995868155246
0.3277560018402536
-0.28696358417577883
-0.029416352914805755
-0.029201404696798525
0.17899314427665886
0.5548604261784952
0.8229992570470599
-0.2173494615141942
-0.1912080741611886
0.06163616919557842
0.3222197622798069
-0.6104584195616082
0.4443123958100404
0.09357419996479135
-0.46234662651312697
-0.07867691244456014
-0.06587882086470652
-0.23639494195854432
-0.1688764037727397
0.04157976646006077
0.027690328605627933
-0.48008698526789834
-0.4894817216779392
-0.5346425292933599
0.3612284573828695
-0.2978531815061357
0.36602210962422455
0.14249704020976353
-0.30239484546163775
-0.08579183050990623
-0.6451986091032724
0.22527823844571374
-0.004235877212700713
-0.8254441970746581
-0.2855681461876531
0.08066473432612503
-0.3851103905804882
0.18127724785268173
0.3623858927482851
0.3103984303813574
-0.646636255440854
0.3373419047637359
-0.5816634210005233
0.6304864816218305
