IMAGES_BMP[55-60-10]#2#9
4e3b230603817d4108b43a0f6a382335
60
0.6468502465730744
-0.5303464995343877
0.2702693258515075
0.23524486263396885
1.166066169152044
0.05771812134772845
0.25212956992564495
-0.4526453473258788
-0.3668385895144704
-0.07431304482598236
0.16151806511405575
0.5632993473127865
-0.5359050334781914
-0.5681477306411427
-0.4385570568643995
1.2475394174688474
0.3728055626210586
-0.03803501049814529
-0.4936550953739327
0.4661315222431762
0.05798178548771429
-0.10278865190348882
-0.6731119997211495
-0.28764741053917336
0.3888805180254654
-0.07758287106737528
0.024712639226498048
0.1499998408447004
0.011249446543331385
-0.6867533224310857
0.1837987872024256
0.593353002364446
-0.17230616446941066
0.2973254535229151
0.6697818261560554
-0.5645012351141566
0.3788030963326028
-0.06643943243334324
0.45164153371846305
-0.016543883541019433
0.836839357351856
-0.45265360755899187
-0.7009868835510076
-0.9651751933903236
-0.4619781416767526
-0.022818577899633985
-0.34094744021258994
0.3379957109409313
-0.8237598500975154
-0.2673203399907443
-1.4335035415462187
0.4277091236133701
0.27142441845411835
-0.2678110560483478
-0.44016307959441664
-0.4982660487993522
-0.5337753195350161
-0.6754536928154802
-0.4951006079663516
-0.8196184031615655
