IMAGES_BMP[55-60-10]#1#15
544097898fb03cf75850ba1a5f9896a9
55
0.46331625931016285
0.2260297583818164
-0.3733322738040482
-0.10934189309223948
-0.2898833489796495
-0.13068464361395032
-0.14436679581931128
-0.5112457195639202
0.2742586120418374
-0.05992997749380056
-0.7283954064109633
-0.4049568759309055
-0.3780582628025315
-0.2591811086833918
-0.2412269329819222
0.6710113650405384
-0.385111504407343
-0.37645536728722157
-0.4364510141483688
0.11580383949211294
0.5192046911265775
-0.10461594516001883
-0.40166604712695386
0.537531115573639
0.13104301309649857
-0.6692619684662957
0.10813442548035111
-0.18245280327662772
-0.14495321454714755
0.4250752400432156
0.2813206809001557
0.5101750087511385
-0.3260982659187679
-0.01912651588458896
-0.22265815135000347
-0.02556380750502709
0.19333399409578395
-0.0875875182856206
0.04765022433070984
-0.05774183579256434
0.3198229231988034
0.4404679079050452
-0.031930234898316166
0.0040399798027592
0.5119718433893335
0.03135866114398987
0.028611732967470264
0.08295087301047806
0.3351911356678942
0.09654330157699831
-0.6491795555217512
-0.0346926669035477
-0.44491050728478004
0.41933287326976376
-0.4010601102056753
