IMAGES_BMP[55-60-10]#2#6
5914f22d950056cb5929a078d61ead5e
60
0.5059284538196676
-0.537653165527926
-0.5324339491495561
-0.047016692452558045
0.3486324812704096
0.3722651038760369
-0.41765237583290166
0.27071124449318834
-0.8949435824436454
-0.3534621311418522
0.08123684639296173
0.017342422450889138
1.415611659323575
-0.3904647926725645
-0.2607970809891642
0.6733894427113242
-0.8329302430419847
-0.1243115485063995
-0.05883415043527168
0.9560302019182312
-0.1862331278109936
-0.3542589464068591
-0.8009286084798631
-0.650261946712312
-0.5254075918390532
0.5334971746684076
0.459410716161371
0.25114412813890097
-0.104345935506025
-0.8113885487783447
0.18755288962702257
-0.5193123097831104
-0.16193279388036727
-0.5282239078102988
-1.8842500531684943
0.7722976044516543
-0.5854063468737561
-0.35482786706703406
-0.017412391290369377
-0.5804524710933786
1.2228725221906864
-0.29475073223536297
0.6272637980622612
-0.19556244144894885
-0.020687702958520217
-0.07772735735519136
-0.3241620027240319
0.7721186221428148
0.02931247859100845
0.04021291335848703
0.3534989064062348
-0.09868299240277643
0.3059177644598639
0.5026656577942795
0.22934050485928525
0.03841916192325713
-0.5133826021453076
0.4967909218311046
0.028488423689237218
-0.4661319760713256
