IMAGES_BMP[55-60-10]#1#16
5b4b1497c16105e5d2164adca8e7714f
55
-0.3613951013525992
-0.2900977008433391
-0.13042591414241375
0.2750169381926015
0.18048989027383427
-0.23826404481729274
0.15293097982131437
-0.08527408554357009
-0.38999410193875833
-0.48529203145812727
0.03331555179813537
0.5472796309725886
-0.10527707953463437
0.47159722437394347
0.6636194246188754
0.4389989520430048
-0.28004319291511004
0.024053298755229595
-0.17943237219389305
-0.04362436082620549
-0.18361596005689776
-0.2695188852638699
-0.28785060648047883
0.5202718936738261
0.3157914467476888
-0.28356570026440325
-0.40050087995694267
0.25511623015257473
0.006661472880956913
-0.296764832484467
0.44359226107901834
0.4876573196739088
-0.04487103987054795
-0.11193259654624106
0.35942763220575424
0.05871162180861822
0.3160517090624423
-0.1021214845563857
0.5474627451878495
0.3014968126483992
0.5369062360062083
-0.3232654612783131
0.45469582522333646
-0.12451511770129471
-0.45213280914284415
-0.34016483571720446
-0.2020351552937093
0.27673684430161716
0.04304924300645004
0.26685456440689564
-0.503022084795701
-0.05273786388865665
0.7537873360114317
-0.16185167825691377
-0.2504951675558258
