IMAGES_BMP[55-60-10]#1#8
5c3650b371cf0d65f8e89594e7b18998
55
0.3981831924302323
0.09745678645234702
0.30474077711598974
-0.22475616074624807
-0.33325081947529217
-0.4439718164911639
-0.1546383699412532
0.3880603807135972
-0.4533051960628509
-0.1889505335218769
0.0957214549914773
-0.2030575952503944
0.05638837516185627
-0.07070448154493056
-0.1625058393207545
0.03833064168875648
-0.4223925456770489
0.5839485917804536
0.31880958514170726
0.15542837822287364
0.4819298479918673
0.1691813400780291
-0.4002655593111423
0.327676964374455
-0.09768450661653895
0.43504245220504417
-0.541430463463738
-0.5396046374965706
-0.006696466849900143
0.12302583597884581
0.6919074212112055
0.24090170541747075
0.0315420904563301
-0.2327966622469813
-0.30276829871775385
-0.6275905130657803
0.5160902555955188
-0.11478181309254282
-0.27813418407708546
0.5217982521119772
-0.29961326856270365
0.17457030057977055
0.09516915629348728
-0.02329904500260675
-0.5229279354072657
0.27910653430716803
0.12346128893292688
-0.13312862110894558
-0.26816976157119626
0.23911127343122587
0.6286854568290485
0.08183259707537485
0.5175485182486452
-0.25328285961039726
0.4071819570717095
