IMAGES_BMP[55-60-10]#1#50
5ee7f0c3e2b67e3b708f33fca7ebec6e
55
0.42893062253233094
0.4104415454912852
0.19630995010165445
0.264598797477767
0.23857219400460714
-0.1819729774542567
0.32345537703237814
-0.22536585745412885
-0.5230164223153055
0.2951512743496029
0.4990717568262908
-0.39723803314122497
0.17033849680504057
-0.287925547127912
0.7081595211391061
-0.37610410744766565
0.7472701078531148
0.37577591382824344
-0.34001323256928506
-0.07890238439052781
-0.6373551305717038
-0.2749458118489585
0.24969681831089044
0.16025972458340168
0.1945671749943501
0.10137608502118041
-0.20567408072299298
-0.08211877623937036
0.30404562509470046
0.1464971703211111
-0.5216622286303085
-0.28514526331108453
0.08334942958479064
-0.07668129151435149
0.44208917461054026
0.3324761463979134
-0.39746285616915816
-0.06488173256336577
0.2745315800142435
0.12988301584846046
-0.48180768274820196
0.24994371727802203
-0.2486162094818753
0.12347369917656151
0.223749892610146
0.13668750669916882
-0.25581796684706676
-0.7792605931243306
0.6499590921052937
0.3869219014531639
0.010836524615571214
-0.33973449990597093
0.5945118613010726
0.1810886375520929
0.4700089372267419
