IMAGES_BMP[55-60-10]#1#51
5fa73b52d8e958ef704c9b808d58a7d5
55
0.22241585478465062
-0.0222931982145497
0.42472497621011074
0.4209745235636822
-0.3954293310935081
0.5921955629308349
0.16949545901118562
0.09439247736883873
-0.31144856430155543
-0.422119520501591
0.21201425181580708
0.5438026861426853
0.35502844054906973
0.1717062651183158
0.1949095500108891
-0.017150730449565044
0.5364878044859126
-0.07689522307606418
-0.06905248217696672
0.279593036275854
0.01951147297018404
0.5903415684686393
-0.19692474399599275
0.21164646351468036
0.34983297671012636
0.16149687591365364
0.1579790875607197
0.07439089114735492
-0.23913325936271457
-0.24299507538081613
0.2924810224716478
0.2958429508745299
-0.19269954148443938
-0.31432994436135187
0.5706663346415427
-0.4248179662289831
0.2968876192607556
0.5750912778920818
0.5849170702169995
0.48566729677739967
0.2984700815057306
-0.06464973484941677
-0.03956811001158467
-0.17024308746815092
0.1104493602676092
0.264316857583202
-0.2431246939189212
0.27171862969269545
-0.026010517680121924
-0.3422358255287122
-0.32892471858253003
0.14147836831893662
0.059646016477039196
0.22990462789835994
-0.3316207529365315
