IMAGES_BMP[55-60-10]#1#10
6101110fb4f19d36d91df9bef867c4c3
55
-0.5165970553058666
0.2634926914174131
0.0039730575162767595
-0.4869622932849793
0.20894349613698593
0.06500724611451282
-0.3311430440119537
0.005489292359713125
0.2127375940435075
-0.4963181261169116
-0.5586904218771159
0.23875817044073613
-0.29021531615555246
-0.5459270661339013
-0.14398399974290835
0.43285005024232237
0.08871333297170049
-0.059534298880744387
0.11301947281114612
-0.03471151310900944
-0.36124397683938486
0.20920135648047153
-0.4668428722799619
0.06897277139191156
0.08832376872162889
-0.3366112635518862
-0.45942371481682304
0.1523404464693835
-0.5957330760834192
0.21099920877358116
0.3521045522535087
0.19901971793112525
-0.37918942378495124
-0.10516559981666823
-0.30658009322353125
-0.5043987245121863
0.008652948766159987
0.061813851259710485
-0.5116797507602135
0.44155723613669684
-0.18309218867169594
-0.4320343955183247
-0.29230029428581533
-0.4118347099313634
-0.16715751622489367
0.324069836327768
-0.15745923405782694
0.262701495589364
0.1825121893045302
-0.08575417950319306
0.31618943063295996
-0.023774240093957354
-0.5314819703014557
0.2494522062114367
-0.5398168641170359
