IMAGES_BMP[55-60-10]#1#56
63af148fcc175aad4c1bc08f91900880
55
-0.019182528119212682
-0.36954133212344503
0.6989312584485095
0.3122588856343118
-0.0008724602281606268
-0.10351882907494649
-0.10466005429629528
-0.4540909801312658
-0.4629439237160821
-0.37702472961304523
-0.20963203113728357
-0.2741934544961305
-0.08635247192840466
0.4087069334802849
0.2775862168938881
-0.2806453888206536
0.5657186656359552
0.0847035813184186
0.28283782002159213
-0.10268885642103916
-0.2195440608271533
0.47412851065871503
-0.11326402965925064
0.07567928123184083
-0.3905087816202052
0.5758116402322451
0.55614474570898
-0.0410829811018289
-0.0887163914438575
0.6020793953039514
0.3372876251779893
0.46057540177198536
0.38700079104010826
0.4772496560709809
0.060994964824366615
-0.22014123692752824
0.03244502993701847
0.5308668801625464
0.4399209094264513
0.40360099377122943
-0.019695161881376114
-0.3973727619962083
0.050544436254657
0.41043649895201934
-0.08990218923166786
-0.18919167745000817
0.20888405550624706
-0.47393114097282235
0.002374482082667374
0.2670951316726746
-0.3249366939241363
-0.09504412773085223
-0.37186895435221823
-0.06371706440668468
0.047951011487349246
