IMAGES_BMP[55-60-10]#1#30
68a14065f01cec712c27e2d8f94182ca
55
0.5706327481738553
0.4623562080519867
0.15772500785664847
-0.4042400721955619
0.4709736920462424
-0.162911668975092
-0.15052498615158721
0.6759780169595111
0.11330251553199436
-0.23463432765764142
0.06406170872863756
-0.4364516815654526
0.5126362827793021
-0.23690759811871767
0.012165171317889599
0.35813415505516355
-0.49835816204262084
0.22916325807302365
0.4457673037063925
-0.3808161836881194
-0.5353216090778392
-0.38815116948058104
-0.27839426815368673
-0.20387852451239832
0.28879555026475207
0.06727520119860322
0.19360097180626804
0.38969285802677317
-0.022663808099394372
-0.3772640467005327
-0.6058543316230122
-0.42452122658701424
-0.19400362618919856
0.26711925598298164
0.18403721831271214
0.4734823157564363
0.8682445109141173
0.4108430237853291
0.4570914412962441
-0.6184659440704734
0.2917089874849582
0.4067616115493996
0.27124410388261194
-0.26352315001096904
0.3735161493752651
0.33258689347560544
-0.2645047913276801
0.31197489147695334
0.12636061244834698
0.09979662572051853
-0.15470947024786152
-0.13610366219344855
-0.8026414967954595
0.5526315869418669
-0.09287552063556714
