IMAGES_BMP[55-60-10]#1#14
6c4648e47af8369330661093f74d3ad4
55
0.1980302398852457
-0.3221057981902899
-0.003065369260359875
0.6478565207070273
-0.19889397332992528
0.5895643742681602
0.4584120065829459
-0.3826268276591386
0.09225965227458326
0.4257480935188333
-0.21158159487989434
-0.16064404026298199
0.2870732810234984
0.23519502113837215
-0.09542290778137123
-0.20580316425530726
0.2689477923658674
0.005233075216921442
-0.47598589891506016
0.26144743411556
0.09317511600013402
-0.298104867833822
0.10587501635397313
0.14679108743865638
0.6113282441676837
0.5021812755546333
0.5123236320733565
-0.28369342250871726
0.585314031315815
0.11436324327125887
0.3624454353274556
-0.30867172093870676
-0.10435131167406347
0.02105222957680991
0.5590079090294051
0.14890637240734958
-0.27756101064412964
-0.011071727833940967
0.57546171493115
-0.38888994019378886
0.3921205452443532
0.3583181442368436
0.13537314165226963
0.3912526573714436
-0.1689677318255445
0.4601059661369358
0.014250200313095644
0.42996752167892976
0.4398204380875583
0.10393382388862046
0.5610459538509125
0.15194320852204404
0.3073272246673766
-0.0533211158651919
-0.026406023213257544
