IMAGES_BMP[55-60-10]#2#3
789867f42de55631f7fc5bfbf18335a4
60
-0.8281682661635749
0.2024385677484765
0.20827544815949597
0.01862300184404704
0.32446303870609144
-1.060862761601141
0.30241916278125536
-0.3236359621175556
0.2708565821560826
0.2323349371577469
-0.19403437145249688
0.5058330921465829
-1.1256913521564451
0.40093959609569113
-0.4220662073011697
0.24998864775480925
0.1388158351948147
0.4381323225570964
0.45223139429234954
-0.7395232243115195
-0.6646744169681733
-0.3968006888579467
-0.451788898669226
0.30826588884512385
-0.019923216588641338
-0.7451809971953046
0.09244474781842837
-0.17579368126600733
0.19890516190575655
0.9269322876456119
-0.14728933539959962
0.3737294833901459
-0.44162505776612065
-1.1888976377257539
0.29722228142646306
-0.7549990794328215
-0.02752019201459661
0.04713866783898639
-0.4334947980325459
0.4302978101764416
-0.43915695607883043
-0.29130938735251205
-0.09207705913960765
-1.2462324862984555
0.27533753721057747
0.09472970884440236
-0.17892643602722977
-0.15624341848330275
0.5662578407524655
0.07499120993267869
0.20406227189936954
-0.22239133667666766
1.1913005992455896
-1.153782557280337
0.7347311534028927
0.31574141528457994
0.17928977320681128
0.27881949346800156
0.6673030007769822
-0.10710291915915522
