IMAGES_BMP[55-60-10]#1#46
7e559a22cc02f71d19575d3077a49598
55
0.3179491929332956
0.336573746253419
-0.01809152938773598
-0.0013632239194759455
0.4389229651883397
0.34735964804274894
-0.0324382703521621
0.16601127347715935
-0.3842428375988023
0.372165336809837
0.04430369041469185
-0.2503330718731634
0.128552814038621
-0.22737313258892414
-0.26335051060054226
-0.37719319998610557
0.19066914918574188
0.35362517516611974
0.0004476983476325087
0.47003044375018704
0.4219223994351429
0.15559159298157346
0.3023994652126074
0.4398974507610508
0.502250470825598
0.5588639643714389
-0.27030892211652774
0.20173547552463358
0.42104558468081493
0.4952075091408886
0.41498738040166994
0.23297553563440182
-0.06653182856676729
-0.20987333154952392
0.5375734650700442
-0.13245859819333738
0.48845620570182063
0.28038578029792793
-0.2799577389079072
0.4065735054858995
0.4606152742323492
0.4725442581101772
0.5078839347304496
-0.021808700156773178
0.3427471242962188
0.310277304640945
-0.15779850492221248
0.06274391231377795
0.4966488561672058
0.13445350380253757
0.00971357383404397
0.2207575072719883
0.4947526441812042
-0.2942517069795725
-0.139686504952536
