IMAGES_BMP[55-60-10]#1#5
802198a6f19401ca094b061908d22807
55
0.35960730637142563
-0.23347028079466448
-0.200933330079729
0.5091032185011013
0.44471822814452006
-0.24281042289386778
0.048243724702496875
-0.3986660138547028
0.15579281964401626
0.9046407062273711
-0.5494589167140529
0.3568334280451216
-0.024637560754634594
0.2479042156495468
0.206965338485783
0.5374592480151716
-0.2046483003443998
-0.3796161986744686
-0.3913394111970279
0.20621669426222086
0.5265827613428444
0.3236561654286617
0.4756190548101178
-0.010527898162476944
-0.008676165723147644
-0.07815843193332504
0.45526285805880295
-0.08102777821001245
-0.7911883552254932
-0.08680736262511232
-0.6677571005713924
-0.5585562558241229
0.1829111624966933
-0.12470134566551579
0.22503535069653563
-0.26153784224979726
-0.473929042907049
0.039321517860297715
-0.2179112213944383
-0.16439761700098762
-0.49978816361105655
0.5067971931292716
0.1815484153455972
0.07147614670119894
1.2564160668652904
-0.536824059777189
-0.34709286197512335
-0.09922954841428597
0.06032129148731983
-0.023802256103733325
0.019797533703298294
0.2850432563844682
0.23856204900473532
0.3828052314687663
-0.702280054760115
