IMAGES_BMP[55-60-10]#1#37
8157c4bbba3f0074897c33977d682327
55
-0.23577958627330745
-0.2544088008017546
0.17555740305405268
0.08252732541023068
-0.09934162689336626
-0.024585157900864157
0.13473935167415063
-0.3413956866118
0.411737923322685
0.5245901988318048
-0.14831712914684086
0.25528068418675803
0.2591938926258471
0.42557749630291486
-0.02219688428195851
0.09736775688649803
0.298920155836169
0.4314960593397746
0.48508272224264803
0.19778596220527067
0.13241911546375945
0.21630961201443433
-0.3419672514108364
-0.279342611725503
0.5621004606024734
-0.013261207769592618
-0.002633169514943588
-0.5085689575287902
0.10569245906682079
0.035598967537886314
-0.3761545364785204
0.33049149479732404
0.511707930686569
-0.2455943379240454
0.5963192045055465
-0.2970313453302827
0.21673904143676834
0.374747246497074
0.03544738232030363
-0.01177759023629464
0.2482917272672407
-0.1768653758856253
0.05048882514728965
0.49479817540062165
-0.16616150107365155
-0.3336194316971319
-0.146771026603759
0.30448246354065106
-0.39401905744856874
0.14899672661496244
0.4664729648699471
-0.08421097195386903
-0.29724815788764974
0.6348724408059283
-0.3772194255393445
