IMAGES_BMP[55-60-10]#1#19
81bb199f79363d439f1ab20ab585b437
55
0.7518257371726261
0.15696981174355973
-0.0431210412748703
-0.583506219263046
-0.8241872651731953
-0.5304998559108898
-0.7206452427302753
-0.8465747306928872
-0.06430637721961123
-0.3571278463098449
-0.6342105744134269
0.6290422573604038
0.26227062880370167
0.41604066488649866
0.022746190974071434
-0.7339804601932179
-0.15658783228340534
0.026096300362950395
0.37939145735568575
0.02360237689976274
0.2608462586841923
-0.2529279679185551
0.7740548628421213
-0.19292695583406114
-0.5401813574536061
0.8588863581542859
0.15232174018183284
0.023105719290288415
0.3923860886937718
-0.3560883206816565
-0.4278326925873201
0.06485664824295467
0.393615500032205
-0.35660067589459665
-0.3096985325071521
-0.34082234745739753
-0.028296242121324883
-0.191316371301944
-0.22861812730214806
-0.2832659013409341
-0.33477016127534004
0.0014782674907792004
-0.6880486918829449
0.5468229457771898
0.750571219900637
-0.41666799702836926
0.1714333064641492
0.349316075241506
0.9748996955929728
-0.1288656762027535
-0.4495409190084245
0.15668285710763694
-0.6377864874819279
0.18847999917690197
-0.6595051099637304
