IMAGES_BMP[55-60-10]#2#5
841d8b65326fd81a56cb6a2efc164139
60
-0.049265431607660747
0.2570249465652134
-0.21212459837175374
-0.15419865573585823
-1.005028192028977
0.8035386660870852
-0.18055305768456187
-0.30198379693976896
-0.1580478574182412
-0.3949265858336578
0.0973552048823084
-0.19398174123847878
-0.9631973054688302
0.08699666983422855
-0.25870835475490367
-0.07024759383832303
-0.009222554253314095
-0.12980208505167914
-0.26939234269682066
-0.749324646261117
1.2018734365370007
0.3257156107990053
0.1342018850218832
0.17181556530033926
0.3306490656397314
0.43544188143018797
-0.22535211747268472
0.08929051804281254
-0.3158758347912351
0.5405847929651963
-0.13892044006383572
0.5095248768798765
-0.5496795593373925
1.0697661096205249
-1.3519539197233135
0.5112666416152275
0.19205256302367174
0.24648388578282918
-0.24836446287830893
-0.20655201916483923
0.2962337358534039
-0.49690063219475883
-0.9093083569661081
0.9696512937822813
0.2048045842366391
0.3329475281437194
0.1274653438775836
-0.010448486090138211
-1.3996009383702945
0.4572483448919024
0.025781253803012903
-0.4556421481770761
0.303966183824778
-0.06458423541318678
-0.6722835557373789
0.7504275224189069
-0.8231437713540599
-0.39586917865787496
-0.35881591927156986
0.6241442523194389
