IMAGES_BMP[55-60-10]#1#49
8cf3924da793aeb1bc37c18d38dd3595
55
0.1202613584276328
0.3939809420013626
-0.1131966436544376
-0.3991039909495269
0.3553054566302702
-0.16120023493459446
-0.027202108130063195
-0.042477477336692604
-0.012863784047867149
-0.19995935102349438
0.09198018717017634
0.25845031361945503
-0.14743277267790747
-0.3272470423457208
-0.18663943559775026
0.10280001152526813
0.010993958616654403
-0.22123350959943192
0.10497955023331927
-0.23894518893346348
-0.10526802880875823
0.017838208938741527
0.4390692489248597
-0.05659657989026275
-0.13293068958414164
-0.08697018833961015
-0.5369655153378985
-0.24742372458942885
-0.596231190501571
-0.5276695036429494
-0.5070232457998702
-0.278576991103
0.10553970850179897
0.44190207146038546
-0.3054125787241951
-0.048278213540224005
-0.3115783009249404
-0.37815353268152613
-0.1262683564466594
-0.041182844640019665
-0.304051490720545
0.08964936211466291
-0.18580146903763867
0.39862368520816893
-0.13636743351809982
0.27475553606853065
-0.353385123879459
-0.06273621236546571
-0.3216150614175413
-0.2194923890876896
-0.35583456710021544
0.31187320096315047
-0.0062241920377058505
-0.5411868828671936
-0.020247899777955155
