IMAGES_BMP[55-60-10]#1#53
9263cd63c98c477a06455c1ccab12f2e
55
-0.30911279829472527
-0.24314613175624517
0.5254922142659615
-0.2891575285673842
-0.06756090116206918
0.1949850293174207
0.020606229592940978
-0.47928979302427543
0.2538785066260244
0.3008970514655471
0.47003861374032424
-0.31699081935165924
0.5140804555678002
0.5176999702560745
0.05014387877960415
-0.2693103439513528
-0.13389620240121455
-0.4227656346988572
-0.4827165586168613
-0.12516454993890952
-0.2855731012122586
0.42743786893206165
0.23426238159956572
-0.17567748382808426
0.07289373857002855
0.7807162864671594
0.3949066921072443
0.47184934724687894
0.24008986009303965
0.45155668955451755
-0.5206629366224675
-0.5023157569464657
0.19849067981135868
0.09240033783938133
0.26298196453662936
-0.5524311726546965
-0.08395759164021305
0.16829576004307573
0.13382513145490485
0.2299917988230468
0.21792961740757066
-0.030039459455275058
-0.41190150355653543
0.30130624201553985
0.2388117011708735
-0.4393228389324189
0.13486668551943284
-0.05066249212265417
-0.04682535251907929
0.021541279439142188
-0.036886171182987024
0.34836894160503806
-0.42826571942986663
-0.5252119842935925
-0.5701219775530995
