IMAGES_BMP[55-60-10]#1#36
943765c945d99e310baa6514501c4584
55
0.006134530213242683
0.2833799714232164
-0.1743912349867708
-0.4129797167625544
0.3765356872751692
0.34728763886568154
0.1414196009899297
-0.023458954637163278
-0.10872368540805467
-0.3631083322006761
0.06422982882224464
0.7016267877987609
0.42203708948496954
-0.5173070734064351
0.275255965134496
0.0767684796786051
-0.45475831464672845
0.2539617630648623
-0.39310560562104063
-0.2477389687715264
0.32397205332002327
0.06683497174299
-0.3265996302518117
0.49036154172274893
0.4599797391362367
-0.30683421041399084
0.4795433226163656
0.42220046035686726
0.212303088762056
0.07920748756610343
0.37957186306544305
-0.20869808857617267
-0.0924304370125208
-0.14988142474024846
-0.4443568782221355
-0.5248222843963077
-0.27586212539961213
-0.07517255675718934
-0.07183758844025209
0.14157142260729633
0.4358116460215094
0.20330783747428302
0.012008172785298364
0.4247118284558392
-0.2754698434644986
-0.4913961395026652
0.1049048964577419
-0.29665322193644283
-0.42758316953523884
-0.17463777632089203
-0.13627472075984
-0.49979327572142673
0.19834605805505248
0.05225397788958958
0.06311362114314646
