IMAGES_BMP[55-60-10]#1#40
9477178a718b59117c2ad0d38434e673
55
0.41320549449670896
-0.05133054442742011
-0.23435598072014585
-0.63044759614783
0.0029222243710262997
-0.1072216439101519
0.33263485546286936
0.5740283808278359
0.16294902730785252
-0.12113278135860875
-0.49337370391782764
0.09142964980624362
0.5823558270160933
0.43282260093009406
-0.8200636201636127
0.4838559620157082
-0.008456120982097299
-0.2181528866582085
0.3749137204975962
-0.49229460167249994
-0.3839653276599887
0.4476435923315045
0.2573622314616625
0.14713533340627416
-0.5373216501023911
0.3016966717073519
-0.628980591898915
0.04230471559635173
0.10526305618672924
0.30068272706944554
-0.5176005268580203
0.7760080040532238
0.14197430197146135
-0.3430049195137
-0.027761237599180574
0.10475828976165151
0.7707766473419139
-0.042767437632874904
0.006629119916100774
-0.0031726106589101345
-0.06925911088817227
0.6080856522115164
-0.024829116526132237
-0.12982195410365507
0.4300411910039427
1.0598027938744157
0.2963679471092519
0.5091918537692507
-0.7434271350146853
-0.4156804267917545
-0.834191837988906
-0.21645423662307456
-1.0954902133960929
-0.06958650685840652
-0.49865983287590127
