IMAGES_BMP[55-60-10]#1#57
9adf91f4f8be23a7e5f5ef7bcfd10b21
55
-0.3568039755113953
-0.44820860805965124
0.3562857034835213
-0.5220809303361633
0.7312822213817282
-0.3879749057781965
0.5563373864577623
0.5017301684388218
-0.09320709245578777
-0.2635898108442891
-0.49519357513725765
-0.445293927022869
0.42002319617207573
-0.1226811737158644
-0.4023082455113195
-0.07317549571335512
0.2945146297809393
0.49507469188711994
-0.2697227723955868
-0.4357944638113362
0.10331902144164495
-0.5045796194673473
-0.29982345014507567
-0.6949037003270286
0.3069104458933019
-0.10378386664091206
-0.25747650574995684
0.29972336086911283
1.052181266342618
-0.2723487652942738
-0.3474017587391806
-0.3471595797703115
-0.20715974356418493
-0.33459089454247315
0.3873597975324471
0.06538744022547921
-0.5176888555619639
0.14090544278901912
0.42796215959899814
-0.0285767559006558
0.3130854576380671
0.2259124955845585
0.45885084880596094
-0.8393673536946665
0.6659550129041735
0.04641574642899602
0.5671764723000075
-0.616779496256378
0.1678094755893124
-0.4917213343636604
0.1318508259650358
-0.5092962413228316
-0.18990470769803425
0.2981938249171038
-0.2904370629490101
