IMAGES_BMP[55-60-10]#1#27
9b7a668f984b77aca051a9e0846c09e6
55
0.3749466327544656
0.3998655096448519
0.12185244464983196
0.4872685887972721
-0.14798732717032095
0.5251311492140815
-0.43012955791427615
0.3253411152591706
0.09474651522703378
-0.15121200804864876
0.2598794676277358
0.2531816633074297
0.14998852753385908
0.019599572445303318
-0.12325261580051931
-0.04789143485062592
-0.251537813966059
0.5023773564392642
0.0866176624418912
0.1332120671484813
0.06650868124684672
-0.14348370179416758
0.520056355686401
0.5186376210788256
-0.1295541507928043
0.2767655321607911
0.060745801515402785
-0.23533726158984178
0.11599842439501293
0.5769776644030195
0.2689918146469295
0.2610337981426249
0.26893925556029435
-0.11256456431457368
0.522564152217563
-0.09493318634125517
-0.3976951541904031
-0.1498172105987724
0.5949989423804913
0.07625005914143533
0.221273422516431
0.5514699483389595
0.20193260261764392
0.5209108991353558
0.40405735026573153
-0.3863236825179763
-0.2784010264914394
-0.3459745665452738
0.2663801150263695
0.2855074741545696
-0.2546895413622273
0.27360875587911226
0.1830736321910209
0.2700127914806429
0.49170799578014573
