IMAGES_BMP[55-60-10]#1#28
9c2ac600b86ba07556373bceb1836886
55
-0.005729233276155789
-0.489541687249272
0.4867363937417253
0.6311101889503249
-0.30444324181012816
0.3952724873624221
0.426903293126675
-0.17900943954310813
0.14597562774072798
-0.03681938491383419
-0.3309625959514012
-0.03629682990218423
-0.10921649832245797
0.2435126179588747
-0.2820316508485408
0.4926410879598101
0.4403184115914929
-0.26600902862313286
0.13586038857314717
0.38753074544959676
0.11773803033435765
-0.1912965620900185
-0.014668432773499853
-0.12136146612759843
-0.1472335476552275
0.618154933470465
0.2566182559913351
-0.45904253969001113
-0.10044270341459471
0.15109457092226394
0.4954110670055759
0.23437653210867443
0.3483801995969414
0.012819397770097878
0.2437035412805761
-0.2621420518184922
0.3466630111225163
0.10755267137416569
0.03498863737059789
-0.35347681935866926
-0.1348926947490508
0.4285501896961545
0.14958032254172082
0.18233428288111989
-0.12675129243693695
0.33552797825039077
0.115401785311385
-0.3532308083046081
0.10949749802971034
0.2518308367837403
0.5107382283421795
0.3255623517219372
-0.2104232458664992
0.6363755035943045
-0.06121304322059399
