IMAGES_BMP[55-60-10]#1#32
9de72fdcfd6527c86b4f38e1f4765766
55
0.23585546221353287
0.45589057703558383
0.5580858961083415
0.3147382755820713
0.16531067445838218
0.24971060646805285
-0.37332518553977706
0.1642276120793708
-0.4179814385306696
-0.33539057317198134
-0.09717246734598077
0.4722569672746833
0.0036669182424000617
-0.23709107392813983
0.35678678195144065
0.3417698381320782
0.21783309565780762
0.03637403479807519
-0.014576729139269868
-0.061602255442690934
0.16101744842870566
0.6330978988985911
0.17462366453795977
0.6939387016759628
-0.20544367267738134
0.5687957774111471
-0.24797229569129306
0.09455257203432686
-0.12575799358656475
0.5691160806155438
0.36038692956875207
0.28934287810847026
-0.07312873408504407
-0.1463111889270029
0.5904887722121407
-0.4552362223525834
0.4003641094186133
-0.023679811678455287
-0.13456390603581384
0.49086243425591025
-0.013316087857793464
0.3134397072671391
-0.18313244872854575
-0.23486383650064138
0.46211281381972175
0.4309735728485111
0.19646481380118175
0.0919871004765576
0.40805634334659735
-0.44419262938329424
0.012419984739373058
-0.33849194672907784
0.3784040806046842
0.6240167758620006
0.4403608750932428
