IMAGES_BMP[55-60-10]#1#38
a1c4a14263ba4dbbe940a09d0b5cf448
55
-0.3202547547795317
-0.011121657382148748
0.21612183326244544
0.4730088975212807
-0.5410367117282127
0.20749329356251492
-0.7227326430310788
-0.6096055202077891
-0.38103184406382196
-0.5285244039358429
-0.6585056737942482
0.4268421554968226
-0.2962155772370695
-0.5170791193001363
0.23790888536571678
-0.5772290604445606
0.016878816528801778
0.21463742184707638
-0.4682288524798758
0.3961348593455949
0.6083429682706604
-0.3293914321673096
0.3694758032897587
-0.581467762248762
-0.6348424131196819
-0.03222421052737633
0.7522290427960342
0.16691690997195796
0.19068219702699002
-0.41669209583637423
-0.6596874641993158
-0.14459843317101795
-0.5527035144461762
-0.20007861021973722
0.29350060572552117
-0.3144201875946515
-0.6948251208214911
0.08480730918471314
0.2700079241843342
-0.050366449975896524
-0.6146483527062929
0.45313011290713257
-0.387715541425772
-0.13974026497989464
0.8762244874107584
0.3429542814725537
0.06393517019972346
0.4741704695685639
0.16406639782843327
-0.40295518578458495
0.27131265132782184
-0.4099704410900657
0.07465953582183736
-0.12420849145130101
0.08350323179750785
