IMAGES_BMP[55-60-10]#1#20
a49028118d21ef9c4d1ccde7e7f2e4e9
55
-0.6862019049423106
0.3637213791077865
0.05810875286606987
0.07937352364913032
0.22620354818513944
0.12254142512902343
0.5201166806012673
0.000572146611650849
-0.4225038948643326
0.3811575512718182
-0.06774629710667567
-0.6539471705042166
0.26247196214930996
-0.08862871177541326
0.5222389033973714
1.1491546279897225
-0.36897280316502973
-0.5633027439674321
-0.25501846748691553
-0.3797100517471417
0.13072661888812606
-0.27719627680904857
-0.10286027598610768
-0.3009990014033541
0.4701535811425564
0.17359908344266745
-0.33016888046226994
-0.3689275792065405
-0.37690390298888576
0.17413581101639306
-0.1786565972053591
-0.22278719759834836
0.15258404465600003
-0.3974487992521908
-0.08100286659498893
0.3055062681393721
-0.2929150290096197
0.38251106568454746
-0.11723413567836741
0.24941422272167002
0.5624423589942443
0.5541027170028511
-0.4117508077841712
0.027238039590348647
0.5157260827856148
0.21882589355221124
0.5625641268414456
-0.009588979830146708
-1.190664137462281
-0.4672141136031832
0.4784315294720842
0.6554231472628939
0.6679529517544367
-0.18931115928132075
0.09368626248227313
