IMAGES_BMP[55-60-10]#1#23
afe19cd6de4541638121fc3975a0a62b
55
0.27645026040743986
0.08200612761814234
0.3671708080104677
0.24632699408733616
0.4002784862655144
-0.25008725832996426
-0.1273590036488676
0.37584670328145453
-0.5282837058613895
-0.51959064277549
0.4048678598412148
-0.43056473664260414
-0.3139747438729127
-0.16385508214842762
0.4060701433843873
-0.4410926693250247
0.2101934928817153
0.5431933518915892
-0.30927779830190194
0.3208564474613967
0.4692301392161398
-0.4282493386406128
0.02719866748389859
-0.44934525042615914
0.3074608990345831
-0.07708018539753156
-0.15355705861366206
0.36933209656899685
0.026541725013918424
-0.3133472385975864
0.08313945613415763
-0.4709749285942081
-0.4906857005718334
0.20692904736244147
-0.6647658036797031
-0.5162034057356287
-0.1486664970137564
-0.518811884531898
-0.11393133047936319
0.24096560639160633
-0.6448261720811015
-0.09357451188062914
0.5213802923803456
-0.23634934754863343
0.14610567775217312
-0.5061160188281734
-0.2777289203176749
0.07580250303467682
0.19164932909043275
-0.10861973332714263
-0.09653607890815633
-0.6413127414085315
0.22332881979151606
-0.17974368703423957
-0.37068139187870147
