IMAGES_BMP[55-60-10]#1#55
b0d8a13c235c4a021c8b7c70d319af8b
55
0.011935581996157915
-0.16094867201366725
-0.4954645628706971
0.12838286263150706
-0.24076393846984254
0.1721788703695372
0.16452873937790613
0.12209107843486249
-0.4636745936462895
-0.15509383098633187
-0.38493673814004975
0.37945646125084637
0.09315602701656003
-0.17818217076226894
0.3399687350483669
0.46016698037101156
0.10833940444568851
0.2819516425962336
-0.08227413434971236
-0.6211562207888823
-0.11625624905255919
-0.39728110301764374
0.21201066830392862
0.08699874868218542
-0.18499820715380388
-0.3859524373810754
-0.6203475524431831
0.06331062981279678
0.09042251001076791
0.16733176887519735
-0.3828759243892409
-0.07112326327844924
-0.42135080808967124
0.4985273096282885
-0.41177749991391277
0.16540904107453608
0.2697611756306894
-0.26275850829640446
-0.38822702598494513
-0.2414053330241855
-0.3145118368825165
-0.14589239633955603
-0.07426337381662618
-0.45381999880169016
0.16692193189088908
-0.25031317450463736
0.14533255600285502
-0.4958203301334703
-0.617756248879893
-0.026946776359270723
0.2063076162369364
0.3808409330895722
-0.27263102690234836
0.13463727931270317
0.14252641037108663
