IMAGES_BMP[55-60-10]#1#21
b1aaa7daef12ae0e377287fb572f739e
55
-0.6446785688535325
-0.20160467650603517
0.037466316096991976
-0.4617589970234211
0.3924052139341722
-0.3693855588667533
-0.06062905210766321
0.008638387714590351
-0.17262514235435814
-0.03276153760165749
0.3087491282444872
0.07697314481668725
0.42510016247029453
0.4397111795998082
-0.17605558578804748
0.13985022045199294
-0.41481383397145116
0.1877815237820571
-0.31562448770314244
-0.22625192917909678
-0.026728053298310565
-0.3086139198245704
0.3423277384318044
-0.08405710577977663
-0.07249852309391436
-0.02964323120678289
-0.4666923313241007
-0.03188159530951508
0.17139631291019275
-0.41090543572508015
-0.19593155382907032
-0.3083895361980952
0.02040070535858365
-0.13702630283323688
0.30021386391371174
-0.06828967817588341
0.15300038105147684
-0.11996707476863845
0.13323442426600268
-0.0633036985001253
-0.14760155657155
0.14929107421793059
-0.337046280885903
0.2212298351529945
-0.6095703341299722
-0.5987423811347281
0.4474649619718234
-0.46720641992686085
-0.30334346880553636
-0.27687750964732316
-0.06888447755745232
-0.18037514418789255
0.32158713642316483
-0.6844154637331329
0.22100894719908273
