IMAGES_BMP[55-60-10]#1#42
b501b54b16d2fdd051cb949cedd491eb
55
-0.5480208225807761
-0.09132213089692377
0.5422840864471928
-0.543733032454156
-0.21904830862042354
-0.44774130648615845
-0.27556553141692297
-0.08799930893512227
0.29374918996591043
-0.2601504522413339
0.4571187011256714
-0.24744622017590023
0.36504834551967835
0.37933493871526447
-0.20973976083601825
-0.608868083242972
-0.5053681183860007
0.650579556885581
0.015511830505661186
-0.33548864424262925
-0.5014302583310166
0.3801021315770438
-0.013127507348137425
-0.3735827561510074
0.07380072183789095
0.8429073866227915
0.2831169756952334
-0.5417674160546507
0.7003609060018735
0.05493796599697407
-0.14744251580002893
0.4290557037205314
-0.36921254174882406
-0.37459950474855525
-0.06198118290011421
-0.2663365282018868
-0.10294531084906192
0.12730413349398564
0.3905682162767865
0.6354772237705434
-0.175090804210555
0.2616422003755534
-0.7988197504475896
-0.31319964147539786
-0.6410793764712237
0.04692258302308489
0.4792137005431092
0.023876492340624538
0.5849232684181008
0.20161636362126337
-0.14405303081144646
0.13196474735009406
0.4428312742150054
-0.3525810167383571
0.160171417764868
