IMAGES_BMP[55-60-10]#1#59
b757af4a847eb6616e497c5b20f70767
55
-0.3672102062458186
0.46273743654258553
0.14963385401873222
0.094130899890088
0.4408483327097263
-0.39844865862087725
0.1755040839450277
-0.007132537986289874
-0.3688693215248484
0.2939714477777259
0.49983127414759493
-0.2530983084182438
-0.06486562861849175
-0.027081281512351785
0.5163503179993496
-0.3172192292352461
-0.05657928217724456
-0.493020941582619
0.22231066477765368
-0.15431073942422982
-0.004799287734029618
-0.1986200968455729
-0.36307892311643086
0.3937823882114599
0.5963038764307846
0.03767093776971757
0.3530552071360607
0.4973707117171907
-0.48645055236381757
0.5123477432920623
-0.3553720438864059
-0.3884212794358493
-0.29966181298419253
-0.18528423062541682
-0.37289712773322564
0.06703319846071112
0.3986531928317183
0.07366468962602717
0.3696934445079268
0.1649864101642203
0.14789805472103348
-0.49986459201593303
-0.20795803147008285
-0.2562382394958593
0.5444318522994447
-0.22331639632448444
-0.06778350419308486
-0.18727594887399374
-0.16097978424053186
-0.02459884837617661
0.6800666944383239
-0.1579740951880709
0.8845903685697571
0.2249589555335573
0.29880958296573645
