IMAGES_BMP[55-60-10]#2#2
b78036dc587b6a0f4d4c02704c0fb470
60
0.49367371582155456
-0.36834914742935315
0.2257755597707633
-0.5967922077297632
0.2825607494710886
0.7966886508785362
-0.5941356719019006
0.05147759551271812
-1.342496084661223
-0.4504564295050178
-0.10562975372146668
0.10536132391612883
0.6875092753645555
0.18557600511608238
-0.4787066755007711
-0.08803213408768798
0.5214719161517944
-0.42838373191660883
0.3339029919154622
-0.12108412790843033
-0.6169189976339183
0.0862395192086012
-0.03638237960560703
0.4037356689693162
-0.5440388758403569
0.5617758661188682
0.4727455691739002
-0.47915697196924495
-0.4413195560773749
0.14173937295310546
0.18874297550468427
-0.17418616891353259
-0.587169397060821
0.773134425522028
0.2731655686713691
-0.42083291923072175
-0.4143958864023333
-0.41472053312107393
-0.5323831930758204
0.16506512079010463
-0.9944335072178485
0.20042924072119178
-1.1801589296061517
0.11417842828090455
0.5175896702102109
-0.8893184284484642
-0.6057150297958589
0.6504321498383908
0.3251351862369734
0.3030674691291503
0.3194933249404972
-0.3309106293850708
0.5887555453082302
0.3415404448544128
0.41047952254545245
0.43217623376546627
-0.10169881509308894
-0.4532671612072483
1.4877593283679345
0.9750459306120529
