IMAGES_BMP[55-60-10]#1#31
b9b4c64b52c2fcaf16d961a4289960f7
55
0.30329137201904105
0.12762588630018348
-0.6241611906237787
0.3110033700922207
0.4142720316399274
-0.48690021403999395
-0.49696699943013345
-0.004454571068065587
0.17200326641810337
0.13256442693827494
-0.627946407186966
-0.4453514912331217
-0.45680713424705816
-0.4331156293557461
-0.2925423059459332
0.4198560765017484
-0.04055668764134006
-0.24707996993396972
-0.18506225650786978
0.13697858433707166
-0.16896804639064858
0.09074163882937164
0.3162750688866597
-0.5174955409988952
-0.5325079459685548
-0.30472405020906174
-0.47721718363960597
-0.4189998124232772
-0.3376762230711749
-0.3055408068646314
0.07007778779004124
0.15906505579577312
-0.36891724825520406
0.1530517435228
0.21950673541082838
0.3662293947934484
-0.4416688856984839
0.10884158223702488
-0.533903775148534
0.08311230838039622
0.36745027566236854
0.3178715781281956
0.18651877949440723
0.11856870413405757
-0.29075763311150415
-0.13997003150946719
-0.5856399227452284
0.45283135100488925
-0.14427885484619268
0.3795345802262689
-0.1739483630820976
-0.3672637594414812
0.35724826070505494
-0.24454880359282122
-0.3720569105353287
