IMAGES_BMP[55-60-10]#1#9
ba126abf458afef87a88aa8dc440551e
55
0.02950435732125074
0.12528712771613912
0.11039961895650864
0.5439060885370532
-0.08176119343046316
0.2654007542593885
-0.36974068752286837
0.47569284727282013
0.0999256417305879
0.32026217690192293
0.5192438297315886
0.15591357042305784
0.02481846418546623
0.30673376268628855
0.33269354812006985
0.42876333981772174
0.03443874917084317
0.39665689164521317
0.14009384084142762
0.37799236495215277
0.06303529257783874
0.15944695520719293
0.3863152537618531
0.47424859031449673
-0.39290309109416244
0.09334991508518056
0.28279900909927047
-0.26278427659433923
0.34281202276711925
-0.02595486329887774
0.04830119128275507
-0.10758111772153187
0.6095656599838815
-0.47999574732504197
0.44542256369540284
-0.40358661693684433
-0.17675835005323404
0.4122892150415082
0.21906005044568638
-0.19624131647594703
0.14982640209834888
-0.4089936375196844
0.4713186412556177
-0.3752540207229916
0.4653142115574317
0.5089680473763252
0.2782971648153929
0.06344351557470812
-0.02119608650345074
0.35376978429478384
-0.021091978225153872
0.2134973722842197
0.13168839356675335
0.1763598915952518
0.3911920681360582
