IMAGES_BMP[55-60-10]#2#0
bdff7f04f243e3e9100c6b9c3924557b
60
-0.21125934023747212
0.43344130753408644
-0.3066108436365736
-0.4818457759161534
-0.685620577826106
0.9490090793587566
-0.15763447502144617
0.11192952976489128
-0.2991347891519023
-0.2014336890697464
0.30271612236175144
0.2716302121394551
-0.11614273242092678
0.1778198015675786
-0.3722686594920793
-0.6351707939162743
-0.26159785409311226
0.2530212798759789
0.5223484999479483
1.2106369867129672
-0.3586971475325551
-0.01447306602013827
0.6558947294767982
0.5380874349826636
0.34136259989133283
0.4033971488186399
0.3147907374012362
0.25058986355047086
-0.017525816788212693
-0.07122202957357204
-0.48465170713721956
0.05085105082630958
-0.33763214291575144
-0.2172345423185122
-0.5937783166026102
0.5432528795224635
-0.19738476433054644
0.21875562064206847
1.4546325371113595
-0.13698912700850838
-1.2570155448668623
-0.0018621848556634483
0.3749663991614761
-1.1239418021305503
-0.33295406474996436
-0.2929478146278175
0.2139982861259609
-1.4810537581140135
-0.46938158627128396
0.009523776504180346
-0.20386740277557666
-0.5393529119295621
0.9994611273614894
0.26720405854199075
0.2523115535031187
-0.39323072042683344
-0.2814025780039318
0.23035918826442547
-0.6288374305658344
0.5251749039968412
