IMAGES_BMP[55-60-10]#1#35
bef1350a1d9b2bd1ba15a519fa002925
55
-0.20271158693011349
0.28938238227482294
0.22865972298096235
-0.20258574510957422
0.301562501497395
-0.27958786171293654
-0.5326141450361203
-0.3306543478507949
-0.09089117881112929
0.6798421916114054
0.07873645273917769
0.1426367475612671
0.6223212589142596
-0.07823841713713627
-0.03293031295305388
0.2673343823955885
-0.36056184207816216
0.21902328422433312
-0.4788952889649263
-0.11599094474171256
0.17455996032572857
-0.11762348059603885
0.7695033500208499
0.22144251427827386
-0.1905640453794028
0.7249827218727721
-0.20466419968097058
-0.5098624911278296
-0.41626822257157015
0.4656133586867664
-0.18853987192112834
-0.09154098804828645
-0.04593978786996167
-0.30552438655496844
0.47843429634839624
-0.4012942161853884
-0.0524195493497942
-0.3657855498973538
-0.3824416921762601
-0.17958049309173404
-0.7711318936213459
0.15521369812205962
-0.578468548937077
-0.33192229297336695
0.46377276569986553
-0.0015642188482134327
-0.015059279368602308
-0.6386610781664888
0.15718962774479256
0.3868974895704576
0.4349295052381912
-0.31044751978427737
-0.2303305904729274
0.2695085013891726
0.27048095514285037
