IMAGES_BMP[55-60-10]#1#11
c574e85a508c36b639b43e6223bb28aa
55
-0.1355331155006466
0.05073765022230258
-0.04665353270821742
0.26145873263829955
0.21090128509180586
0.14010109992566444
-0.31153217912514836
0.3448306493026253
0.025254075965906224
-0.4599190976724269
-0.1771036123152933
-0.4312875113624163
-0.5717986129035976
-0.16653639262021985
-0.4341620904728028
0.02694074716460546
0.34443666041747545
-0.513406461990386
-0.36643919290679394
0.2136790576444265
0.20385262531821435
0.1936957622947303
-0.025885549758282073
-0.3277964951550742
-0.47084971347622306
-0.4581703321236868
0.24411344622774295
0.15872864581461882
0.288627994166292
-0.1836085138165762
0.4322837574082954
-0.03148424812655696
-0.3562991813799155
-0.1632877449372196
0.1002708332027729
0.11652523956283785
-0.3316608793254645
-0.5124838830008793
-0.6243697522002708
-0.3911276179300118
-0.46690390683835625
-0.3312935498096631
-0.21583370656411266
-0.06650361250589
-0.3186412086331422
-0.36088420323749637
0.138145309603422
-0.293825447461976
-0.31872794918601244
-0.13330645872777636
-0.5210388355748793
0.2570455894170364
-0.49394713276069413
0.30423221048514765
0.09905669181157657
