IMAGES_BMP[55-60-10]#1#12
d0211ea8d884a239eac46d1aef61c406
55
0.3714490277160222
0.3190762207468414
0.5952919637348485
-0.5764411749694248
0.06336513064937128
0.3677876334983659
-0.14017541073590284
0.17110767144635905
0.21634591114922241
0.5441280245989409
-0.4143133186300619
-0.039184138253530905
0.3554632363509356
-0.11231103453667488
0.28192771265632954
-0.12351639942694818
0.4960146937142664
0.11924965396360142
0.02412366647078051
-0.10260284353113702
-1.0034029231706365
0.1341084959579283
0.2190958675030971
-0.06866082379071392
-0.0043349455558050025
0.9466694706680805
0.07936252325444251
0.2832853022427832
-0.1376602291118527
0.22222920990805234
-0.800528621989781
-0.5360003669037489
0.5605700453613416
-0.26757822579891294
-0.19676705037536635
-0.5548929495492919
0.006065181102020203
-7.45082539600113e-05
-0.31443659362153736
-0.6066560029821553
-0.034555183047887565
0.1738267598797348
0.13375395428229822
-0.27781469697269356
0.5358384664529963
0.3365357098030577
0.16965329062147375
-0.6244442613117519
0.734965506235008
0.31924021426175847
-0.8149560000548774
-0.35021612761055576
-1.0455380740634304
-0.5690897424758772
-0.1079493165233664
