IMAGES_BMP[55-60-10]#1#44
e17667733775183952d2796111053053
55
-0.5599242010173249
-0.2970524023246791
0.11049217384315485
-0.4557937125476093
-0.17034298189027677
0.22717095272377671
-0.11917672178037383
0.06826852716616069
0.08850272786686919
0.3712456374136864
-0.1573528395563677
-0.4081253057248178
-0.5557305632423302
0.3851877997463027
0.443356068412099
-0.4512345026985817
-0.35343453332558084
0.2672783541371298
-0.2956264437196645
0.28389881684273427
-0.408005960384731
-0.3235845422385519
-0.1317237214085033
0.15648529829961189
-0.43593125914096825
-0.523613674171216
0.1816580878432118
-0.30725219536271464
-0.2769492759476608
-0.5575172048848942
-0.30988854992036097
-0.3248664036466315
-0.46637666263642324
-0.2568843052865489
-0.2138585465199105
-0.31677646329746695
-0.276349477869074
-0.34239832122492814
-0.09176122884759938
-0.1684384663419836
0.2518313077484343
0.03003014939754865
-0.47854567665655484
0.2979983007471158
0.30438427774903204
-0.5833062183264062
-0.2234617110106563
-0.24166596556469394
0.0010742150225546215
0.44523734517030256
-0.34989533650967514
-0.3628894808667623
-0.11025127409976303
0.19624493917619876
0.330753609190792
