IMAGES_BMP[55-60-10]#1#58
e2f222a4be6ed4ab84216d7d959e6f82
55
0.02320477391368005
0.32839925419127125
0.5669038029458779
0.13663832488542557
-0.42169232555442726
-0.4158031592058452
-0.10886285237271653
-0.577424220162028
0.46475268611989645
0.4598459149367762
-0.16364945858274008
-0.06538170611418144
-0.0893898439398754
0.0114527414063198
0.07176229819884294
0.020583958837994975
0.43107983358641117
0.17268465591288212
0.20158402126007988
0.4329350508755099
-0.19783348035976245
0.19948729700397264
-0.5303207493838161
-0.09614529908507938
-0.03142860056692096
-0.5352929976967322
-0.6303367018260863
0.5339638860338081
-0.5692955888858966
0.18256875074052506
-0.16769152188826167
-0.20623131361512165
-0.29460645306552186
0.1687102587143697
-0.42833083148002443
0.5158630491969916
0.28282385876875793
0.04897195024487629
0.2807385661656714
-0.019475580353506047
0.3860740060055771
-0.8994057983800947
-0.016812593640457917
-0.3935493127972422
-0.05035706354956134
-0.22453377358778936
-0.25341701561149127
-0.4866492387970379
0.31394164811570413
0.08657168225803312
-0.6609326169506384
0.3156137005071735
0.08912078341495136
0.00844294895865865
0.5574706982732793
