IMAGES_BMP[55-60-10]#1#22
e44f85477ec5ae8a0d8ee2358f538fec
55
0.5109442345531807
0.18722671604722035
0.06298592028754485
-0.0655518155736949
0.34968245019764255
0.24607706452137584
0.42428276135643767
0.6504162089672719
-0.7237374690254373
-0.2920630248709354
0.47038391860896833
0.324123141779358
-0.10046643987390041
-0.2970341917512403
-0.009334455709098868
-0.6326757114014545
0.4054860564673636
0.3587857390481565
0.2919219165361091
0.42941832973953037
-0.4960965134891025
0.33150691680614186
0.3611456963575638
-0.3730879189720275
-0.5464087960728212
0.49298414230661197
0.3123602645685759
0.10781033495444826
-0.23686041659688697
-0.03411935646766578
-0.650002875822209
-0.5592745909872964
-0.08948593848280655
0.4076545756139212
-0.20164186920783153
-0.1289547938181935
0.3945799669883788
-0.09886694766205345
0.3916249949107028
0.15768785570748178
-0.11391531348975877
-0.20210329880866543
-0.0027792994411828258
0.07712756103142042
0.45602983457353097
-0.08570895644554352
-0.20339243074407215
-0.004318273482901902
-0.6605318659344788
0.18634947422743245
0.623370149564978
0.13860171602295634
0.14344894273169972
0.1726445107359202
-0.16246207126896914
