IMAGES_BMP[55-60-10]#1#39
e98bad68bfbf51c5b694d78bc596999a
55
0.19448963662525973
0.3898283145595791
0.3290834133271247
0.2763411119723016
0.2018883089217895
0.29770985495475816
-0.2220195764790023
-0.1380176404689409
0.13570925185470256
-0.40071748930436357
-0.009510756982220873
-0.03520325548644317
0.13223445590293365
0.2357089524155834
0.39385095752076804
-0.046995258377085174
0.15882891352772374
-0.3166935089082469
0.24490339424966226
0.5367155235476478
-0.14411228946690802
0.06314635874186574
-0.15429266911342374
-0.06252467743152168
0.4915792602288675
0.32037620869285255
-0.33531620580067295
-0.03686287720963605
0.3784226943091665
0.26166456386968795
0.2920651288446332
-0.36132739074989617
0.439104970249607
0.40260909118661165
0.5905028898393424
0.4688273200331653
0.28011470900664054
-0.04600999245317448
0.38702210806704157
-0.1343626647257282
0.253668793843654
-0.21181191091216722
0.4693799493109371
-0.21743543469035254
-0.39359073329636696
0.17370134106246068
-0.13807586344576483
-0.12833413354507392
0.1443388507544277
-0.1385890011757533
0.3039998111686871
-0.06084711774624834
0.5109636526698945
0.17988442439547783
0.19581982884678703
