IMAGES_BMP[55-60-10]#1#4
ebaa43628f7b0ce1effcac4b4aa42b03
55
0.5783754330660175
0.06302032911991302
0.452170655206196
0.03471751924759043
-0.12645283590453138
-0.13083022009075185
-0.05694121233825573
0.24243412426748662
0.47994929498900957
-0.021236326700910267
-0.41301484777078185
0.13500638907185283
0.06782741153548684
-0.03693164739274879
-0.8348380755943685
-0.14923851333413277
0.14413604313466158
-0.3865274579607319
-0.13476968551622973
-0.001840516635590009
0.03618981064282577
0.15132553273097146
-0.6548085109287618
-0.4377110999666533
-0.08486737833758136
-0.5687543959739924
0.16260296236456162
0.17197039636393804
0.10075901203410338
-0.2036401736361681
0.5570905549821654
-0.08335569425404407
0.4976041470317275
-0.03279647672480482
0.412708456478855
0.354509199922922
0.4458359658958722
0.2936265012373922
0.09354008980391712
-0.06933034971104485
0.054045282567393084
0.044745562989490756
0.7642459965822189
-0.3119038982026028
0.5167236983055752
0.5084280799192801
-0.4568319496567117
0.3471086891872685
-0.3920987122939639
-0.05164477001690695
-0.7891116887892173
0.3020503105175736
-0.7454177832881521
-0.2466557608922906
0.32791532989854055
