IMAGES_BMP[55-60-10]#2#4
f1103aae35f4893cddc1502091161fd3
60
0.9293210416706795
0.2090496871856791
0.05283131603105924
0.1593253283740842
-0.020988859122789014
-0.43834756070582837
-0.5219546184395801
0.32756215513016895
0.1872002561599282
-0.47767886623638195
0.10518981663973037
-0.1016727101215991
-0.7075372886772034
-1.734466330195228
-0.20605837117878373
-0.5381350030168249
0.33930225330936187
-0.09277547841838939
-0.16834330360516844
-0.4000067105678752
1.3341424603542547
0.2536532940240415
0.44836371804529995
-0.6996474365468442
-1.2677837609989282
-0.46132032670268547
0.1382801638981765
-0.41788841898348394
-0.40612356956432083
-0.7758389939453871
0.016781054381447186
-0.11169259446689392
-0.19624072442637294
-0.18411557438503104
0.015238864944591202
-0.09234341599614812
-0.718132410380874
-0.41515817066543625
0.056753525703411405
0.1438519239263911
0.49924880576827674
-0.20998990349102398
0.9981612033804418
0.47184920899874766
-0.2321358944323141
-0.3236688864347161
0.0014694513742232703
0.21129311411827467
0.15335329965308298
0.12856599633817206
0.014440087232103237
-0.2813500917037998
-0.6177894056398923
0.10368788789075023
-0.802093981493398
-0.221287841641623
0.44680492553313556
-0.5963755194366218
0.4520506957083602
0.13489447333405788
