IMAGES_BMP[55-60-10]#1#25
f14ff9715d17038cefc5295fb61a89b2
55
-0.015587983040311821
0.09350254037574199
-0.021235274570756073
-0.16909945123239425
-0.08033975431585696
0.4007955273788653
-0.15339615123594397
0.22023624234712666
-0.21951844619829528
0.8170112207076349
0.28864122539445203
-0.27402721616226056
0.2354628726315543
-0.35495091830202036
-0.3120174210425231
0.6631505285714303
0.46435682403522793
-0.13554211708418937
-0.07421746907627662
0.20476287712249414
0.19594221544585128
0.24709212350602858
0.16037233897790962
-0.07143794855674197
-0.11593041686122652
0.0015548784434367604
0.2347426466774547
0.2840227730334576
-0.4512950868459855
0.41595300998388157
-0.3510607517779065
-0.6952440106186779
0.16971442740282897
-0.0497728879871603
0.22032367875964856
-0.1461391133869296
-0.020160040844015174
-0.39419091747595125
0.07519780381664053
-0.2352827534096548
-0.08854529001224788
0.55783890303929
0.3967398424169565
0.18800890546227167
0.7963249820776754
-0.042644930090244636
-0.4299839722793605
-0.1046456680791902
-0.036199164760732365
0.1730749413501538
0.33765555323566343
-0.1831122341498587
0.02091656072932526
0.1742985657098005
-0.7457506592168763
