IMAGES_BMP[55-60-10]#1#34
f17da1c2d947a9225ab0c03c798c3774
55
-0.05958014594247094
-0.20480467417603804
-0.06942445716156286
-0.1935622553002437
-0.006530686211486626
0.41103644601430883
0.25148090840385084
0.03764207567542482
-0.1887013584515885
-0.8853489646974089
-0.1551946057396394
0.2217122158674363
-0.2826539141276502
0.044262420135804136
-0.4450128959920885
-0.1426888908077434
0.17197268088050574
0.675282323243329
-0.19003085813198867
0.7297794851924664
-0.12646313127551917
0.2573298547529037
-0.7514834098432918
0.19631416552305236
-0.20481082524281402
-0.377433386859629
0.30228753692435034
0.6197197497722484
0.15739529487099752
-0.12820736138365543
0.4430053532824448
-0.775475923820365
0.635044649193865
0.3287309617089287
0.12368775503136653
0.1951075059539983
0.5588270013009041
-0.1140938580656486
0.10408238334759548
0.5814114604110808
0.30797052742490727
0.29478228572172516
0.8781836736797867
-0.3270169456831418
-0.655190205572584
0.3482589162624927
-0.2380334731034627
0.572696458080924
-0.34891427108104583
-0.29850613770712203
0.3275614853548083
-0.2725748694790181
-0.5053788178145511
-0.48060975380346016
1.0541555187773972
