IMAGES_BMP[55-60-10]#1#33
f62c2515ecd50a2835fa99370e073cd8
55
0.17391449577571222
0.09960455650483944
-0.2135182936038289
-0.07012742838475931
0.49995892629496475
0.29832887037855105
0.5411600226569344
0.21704746959340881
-0.44462585067407734
0.8160590200408985
-0.05625746306460527
0.4265347562389762
0.13330324287758682
0.1766775580640467
0.030059352097898128
0.7044715939003324
-0.21825261440950983
-0.41546265214648753
-0.37238296469035326
0.33203113889360364
-0.22353426826475342
-0.2541655532247881
0.49086428376991964
-0.14572063279847214
0.1403225648378659
-0.2629069374139027
-0.18860672174655232
0.37260188891758167
-0.6584599635448638
0.24178539004022237
-0.5628669303636108
-0.24789179758964527
-0.18124317142720495
0.16693303880838087
0.311890161144903
0.02730117216470294
0.6956339145371678
0.5547318130225941
-0.3364090936188724
0.3797915728336139
-0.4829660482295285
0.31042353767850805
0.3647922591362528
0.6056155137967978
1.0596358529510057
-0.23273767735323633
-0.3720818224343316
0.15219645049522626
-0.36682764106481003
0.48907783281215705
0.33143924290978943
-0.2173193762264487
-0.4269192335074184
0.44549424612516314
0.15139470632065327
