IMAGES_BMP[55-60-10]#1#3
fa46bda02cc188289d152c5d46ec938c
55
-0.1000575365533181
-0.44498680030827636
0.41734256234415484
0.44988414596141846
0.08738795839111571
-0.009359557325547906
0.4926647970755016
-0.29895607831715865
0.48279184411379944
0.47954223970684684
-0.26511599684643217
0.46138000554739655
0.41031444371000014
-0.21154326441971927
-0.26644912641650687
0.5398207349546458
0.33153227665241364
-0.07889305950825477
-0.42019458224664
0.4928619947861241
0.49947506756144217
0.6184710145148942
0.4189811045324885
-0.289094864109371
0.3320251206913895
-0.2768590292696842
0.09796023618270289
-0.3556928575950498
0.5667736276846668
0.5367810816102175
-0.11452316627871202
-0.007097010788616825
0.13675937330298205
0.2812010593099056
0.4459807649790137
0.31763110341131795
0.012670824770017443
-0.04020456812289192
-0.2677815205158765
0.1849549045489249
0.16216314515293842
-0.2672186977272754
-0.059347665617335774
0.0868312621130474
0.24476433258649746
0.2965730706055879
0.14956108086767325
-0.1713751644546559
-0.21121785214594893
-0.03884361480849122
0.4738694071363907
-0.05286261941867467
-0.006286661826530202
-0.002591801520608413
0.5551947720973951
