IMAGES_BMP[55-60-10]#1#26
fb9a3ca341b4891ce1ed483a0d06e54a
55
-0.5089364780642941
0.3497702169247221
-0.5817894688803986
-0.6522326128492089
-0.4924901174444225
-0.007743482207981563
-0.5054567999799633
0.39415904636679927
-0.35300215056120304
0.24097503606554777
0.0065790427931384865
-0.09112334368307141
-0.5207872117059892
0.2192101890779383
0.18144221587033588
-0.6240221977622821
0.01704005074372513
0.32280450898485996
-0.12322574757300517
0.1442495529764903
0.3385100760695745
-0.3710137044608392
-0.3597114109800161
-0.13021168776976252
-0.6069942192726496
-0.07361865682476154
-0.13909986999517485
-0.18010149998363031
-0.46752686593105097
-0.5520364408407051
0.3260415583903976
-0.14674542569520774
-0.28192852214025516
0.38808456992850116
0.2763639256846044
-0.12950637871589915
-0.3761282293363676
0.2570758831991984
-0.4771519641929356
0.2039612685920272
-0.5370427485176663
0.08736818740293253
0.04579876598143069
-0.4206408021635062
-0.044998476360311276
0.009966670734883902
-0.4882333323179512
-0.0369697903205544
-0.22251800589976886
0.0638134472201231
-0.2738758120992744
-0.5377740826511883
0.018384107149576938
-0.10091460235253175
-0.1336129064942494
