IMAGES_BMP[55-60-10]#1#47
fd57883f8d01a3049b7c9e481c1d3786
55
0.29650578447951514
0.40559867661131543
0.26029920206602075
-0.21586832265929923
-0.2252444075777358
-0.12666414248190605
0.7542887337582149
0.25072336212348656
0.3579825031972369
-0.08530370131350297
0.26515431764296676
-0.07393337490638931
-0.17025071011000972
0.4326351075041078
-0.3376941998309152
0.48823183081739335
0.4672514855416402
-0.6225081758344553
0.46836687636049423
0.22187089347588915
-0.6028857577041704
0.24106998743731417
0.27646997724951755
0.24318434809428582
0.06046264142460507
-0.5434450379540063
-0.33684306034539974
0.6194939866995115
-0.40230339898552986
0.2628177129156124
0.4477103650608982
0.0774790421162314
0.08618995604665858
-0.009257752047509416
0.23040191486221467
-0.11337788440028793
-0.09871289689952334
-0.1466945657030567
-0.31154386369317655
-0.12615525315909593
0.4129690642561814
0.755927027564037
0.4785839672944656
0.3924879507124663
0.30399077973688465
0.3305663362055173
-0.08588578041364446
0.10288795939022147
-0.09807166901650276
-0.31466566943936586
-0.9438514510418408
0.43587502098453834
-0.6005881717549789
-0.023568306946283504
-0.019560935869555627
